\documentclass{article}
%% Packages %%
\usepackage{mathtools}
\usepackage{geometry}
\geometry{margin=2.5cm}
\usepackage{graphicx}
\usepackage{xcolor}
\usepackage{alltt}
\usepackage{float} 
\usepackage{amssymb}
\usepackage{amsmath}
\usepackage{amsthm}
\usepackage{hyperref,bookmark}
\usepackage{enumerate}
\allowdisplaybreaks
 
%%%%%% User Defined Commands %%%%%%%%%%%%%%%%%%%%%%%%%%%%%%%%%%%%%%%%%%%%%%%%%%
% Bold Symbol Command
\def\bs{\boldsymbol}
\def\bf{\textbf}
\def\R{\mathbb{R}}

\begin{document}

 \[
 \widehat{\bs{\Omega}}_{1}^{MLE} = 
 
  \begin{bmatrix}
 
 
 
 0.416484 & -0.082910 & -0.136223 & -0.154334 & 0.004570 & 0.051761 & -0.006460 & -0.043764 & 0.066031\\
 
 -0.082910 & 3.318058 & -1.511013 & -0.020615 & -0.280472 & -0.422626 & -0.145987 & -0.490214 & -0.130060\\
 
 -0.136223 & -1.511013 & 2.211311 & -0.009808 & -0.108076 & -0.073447 & 0.018828 & -0.093140 & 0.138316\\
 
 -0.154334 & -0.020615 & -0.009808 & 1.528354 & -0.221180 & -0.325343 & 0.006703 & -0.092868 & -0.097829\\
 
 0.004570 & -0.280472 & -0.108076 & -0.221180 & 1.843525 & -0.168478 & 0.061179 & -0.488253 & 0.206852\\
 
 0.051761 & -0.422626 & -0.073447 & -0.325343 & -0.168478 & 1.056156 & -0.090390 & -0.017734 & -0.232662\\
 
 -0.006460 & -0.145987 & 0.018828 & 0.006703 & 0.061179 & -0.090390 & 1.037916 & -0.335063 & 0.166920\\
 
 -0.043764 & -0.490214 & -0.093140 & -0.092868 & -0.488253 & -0.017734 & -0.335063 & 1.742066 & -0.188682\\
 
 0.066031 & -0.130060 & 0.138316 & -0.097829 & 0.206852 & -0.232662 & 0.166920 & -0.188682 & 4.232632\\
 
 
 \end{bmatrix}
 \]
 
 \[
 \widehat{\bs{\Omega}}_{1}^{Haff} = 
 
  \begin{bmatrix}
 
 
 
 163.8540 & -31.9054 & -52.4217 & -59.3912 & 1.7584 & 19.9190 & -2.4861 & -16.8414 & 25.4103\\
 
 -31.9054 & 1280.4397 & -581.4698 & -7.9333 & -107.9320 & -162.6352 & -56.1789 & -188.6442 & -50.0499\\
 
 -52.4217 & -581.4698 & 854.5415 & -3.7747 & -41.5894 & -28.2638 & 7.2456 & -35.8433 & 53.2272\\
 
 -59.3912 & -7.9333 & -3.7747 & 591.7270 & -85.1146 & -125.1989 & 2.5793 & -35.7373 & -37.6466\\
 
 1.7584 & -107.9320 & -41.5894 & -85.1146 & 713.0095 & -64.8338 & 23.5432 & -187.8899 & 79.6005\\
 
 19.9190 & -162.6352 & -28.2638 & -125.1989 & -64.8338 & 410.0133 & -34.7841 & -6.8243 & -89.5322\\
 
 -2.4861 & -56.1789 & 7.2456 & 2.5793 & 23.5432 & -34.7841 & 402.9950 & -128.9396 & 64.2342\\
 
 -16.8414 & -188.6442 & -35.8433 & -35.7373 & -187.8899 & -6.8243 & -128.9396 & 673.9670 & -72.6084\\
 
 25.4103 & -50.0499 & 53.2272 & -37.6466 & 79.6005 & -89.5322 & 64.2342 & -72.6084 & 1632.3843\\
 
 
 \end{bmatrix}
 \]
 
 \[
 \widehat{\bs{\Omega}}_{1}^{Wang} = 
 
  \begin{bmatrix}
 
 
 
 0.467273 & -0.077703 & -0.127664 & -0.144637 & 0.004288 & 0.048508 & -0.006053 & -0.041012 & 0.061802\\
 
 -0.077703 & 3.186742 & -1.416231 & -0.019272 & -0.262810 & -0.396041 & -0.136815 & -0.459471 & -0.122116\\
 
 -0.127664 & -1.416231 & 2.149433 & -0.009191 & -0.101284 & -0.068834 & 0.017653 & -0.087282 & 0.129846\\
 
 -0.144637 & -0.019272 & -0.009191 & 1.509192 & -0.207289 & -0.304885 & 0.006278 & -0.087024 & -0.091794\\
 
 0.004288 & -0.262810 & -0.101284 & -0.207289 & 1.804499 & -0.157885 & 0.057333 & -0.457576 & 0.194071\\
 
 0.048508 & -0.396041 & -0.068834 & -0.304885 & -0.157885 & 1.066681 & -0.084713 & -0.016599 & -0.218342\\
 
 -0.006053 & -0.136815 & 0.017653 & 0.006278 & 0.057333 & -0.084713 & 1.049654 & -0.314010 & 0.156441\\
 
 -0.041012 & -0.459471 & -0.087282 & -0.087024 & -0.457576 & -0.016599 & -0.314010 & 1.709509 & -0.177095\\
 
 0.061802 & -0.122116 & 0.129846 & -0.091794 & 0.194071 & -0.218342 & 0.156441 & -0.177095 & 4.051932\\
 
 
 \end{bmatrix}
 \]
 
 \[
 \widehat{\bs{\Omega}}_{1}^{Bodnar} = 
 
  \begin{bmatrix}
 
 
 
 0.3429264 & -0.0559465 & -0.0850905 & -0.0880916 & -0.0096053 & 0.0196565 & -0.0086487 & -0.0334539 & 0.0248674\\
 
 -0.0559465 & 1.4067083 & -0.4653146 & -0.0323140 & -0.1245984 & -0.1811749 & -0.0705759 & -0.1907953 & -0.0248216\\
 
 -0.0850905 & -0.4653146 & 1.1078879 & -0.0196151 & -0.0806561 & -0.0830763 & -0.0165663 & -0.0922791 & 0.0258372\\
 
 -0.0880916 & -0.0323140 & -0.0196151 & 0.9638446 & -0.1030709 & -0.1680172 & -0.0032539 & -0.0555072 & -0.0303685\\
 
 -0.0096053 & -0.1245984 & -0.0806561 & -0.1030709 & 1.0726087 & -0.0975085 & 0.0042021 & -0.2087776 & 0.0443539\\
 
 0.0196565 & -0.1811749 & -0.0830763 & -0.1680172 & -0.0975085 & 0.7145341 & -0.0548067 & -0.0470189 & -0.0738057\\
 
 -0.0086487 & -0.0705759 & -0.0165663 & -0.0032539 & 0.0042021 & -0.0548067 & 0.7297210 & -0.1628671 & 0.0462961\\
 
 -0.0334539 & -0.1907953 & -0.0922791 & -0.0555072 & -0.2087776 & -0.0470189 & -0.1628671 & 1.0175767 & -0.0448897\\
 
 0.0248674 & -0.0248216 & 0.0258372 & -0.0303685 & 0.0443539 & -0.0738057 & 0.0462961 & -0.0448897 & 1.6962418\\
 
 
 \end{bmatrix}
 \]
 
 \[
 \widehat{\bs{\Omega}}_{1}^{MRY} = 
 
  \begin{bmatrix}
 
 
 
 0.2242042 & -0.0001717 & -0.0002704 & -0.0001907 & -0.0001234 & -0.0003170 & -0.0001709 & -0.0002071 & 0.0000007\\
 
 -0.0001717 & 0.4169204 & -0.0000156 & -0.0000081 & -0.0000069 & -0.0000355 & -0.0000134 & -0.0000125 & 0.0000000\\
 
 -0.0002704 & -0.0000156 & 0.3872419 & -0.0000131 & -0.0000113 & -0.0000521 & -0.0000199 & -0.0000199 & 0.0000000\\
 
 -0.0001907 & -0.0000081 & -0.0000131 & 0.3988679 & -0.0000074 & -0.0000385 & -0.0000117 & -0.0000119 & 0.0000000\\
 
 -0.0001234 & -0.0000069 & -0.0000113 & -0.0000074 & 0.4106087 & -0.0000297 & -0.0000105 & -0.0000114 & 0.0000000\\
 
 -0.0003170 & -0.0000355 & -0.0000521 & -0.0000385 & -0.0000297 & 0.3279462 & -0.0000501 & -0.0000460 & -0.0000001\\
 
 -0.0001709 & -0.0000134 & -0.0000199 & -0.0000117 & -0.0000105 & -0.0000501 & 0.3577975 & -0.0000238 & 0.0000000\\
 
 -0.0002071 & -0.0000125 & -0.0000199 & -0.0000119 & -0.0000114 & -0.0000460 & -0.0000238 & 0.3881056 & 0.0000000\\
 
 0.0000007 & 0.0000000 & 0.0000000 & 0.0000000 & 0.0000000 & -0.0000001 & 0.0000000 & 0.0000000 & 0.5186685\\
 
 
 \end{bmatrix}
 \]
 
 
 \[
 \widehat{\bs{\Omega}}_{2}^{MLE} = 
 
  \begin{bmatrix}
 
 
 
 0.1814443 & -0.0160474 & -0.0188839 & 0.0292336 & 0.0115786 & -0.0002235 & 0.0007979 & 0.0070677 & -0.0266787\\
 
 -0.0160474 & 0.3359180 & -0.2035215 & -0.0309963 & -0.0672247 & 0.0292500 & -0.0518320 & -0.0044583 & -0.0069600\\
 
 -0.0188839 & -0.2035215 & 0.3338361 & -0.0024709 & -0.0181113 & -0.0230871 & -0.0137916 & -0.0253869 & -0.0032278\\
 
 0.0292336 & -0.0309963 & -0.0024709 & 0.1288998 & 0.0008718 & -0.0231983 & -0.0370592 & -0.0057058 & -0.0266685\\
 
 0.0115786 & -0.0672247 & -0.0181113 & 0.0008718 & 0.2317119 & 0.0032456 & -0.0097659 & -0.0080739 & -0.0534376\\
 
 -0.0002235 & 0.0292500 & -0.0230871 & -0.0231983 & 0.0032456 & 0.1136068 & -0.0211574 & 0.0137394 & 0.0041081\\
 
 0.0007979 & -0.0518320 & -0.0137916 & -0.0370592 & -0.0097659 & -0.0211574 & 0.2536951 & -0.0248292 & 0.0217122\\
 
 0.0070677 & -0.0044583 & -0.0253869 & -0.0057058 & -0.0080739 & 0.0137394 & -0.0248292 & 0.1077265 & -0.0206737\\
 
 -0.0266787 & -0.0069600 & -0.0032278 & -0.0266685 & -0.0534376 & 0.0041081 & 0.0217122 & -0.0206737 & 0.2105761\\
 \end{bmatrix}
 \]
 
 \[
 \widehat{\bs{\Omega}}_{2}^{Haff} = 
 
  \begin{bmatrix}
 
 
 
 36.86796 & -3.21353 & -3.78164 & 5.85412 & 2.31868 & -0.04470 & 0.15975 & 1.41538 & -5.34248\\
 
 -3.21353 & 67.80172 & -40.75578 & -6.20705 & -13.46194 & 5.85733 & -10.37949 & -0.89281 & -1.39378\\
 
 -3.78164 & -40.75578 & 67.38490 & -0.49485 & -3.62687 & -4.62324 & -2.76185 & -5.08380 & -0.64637\\
 
 5.85412 & -6.20705 & -0.49485 & 26.34569 & 0.17463 & -4.64551 & -7.42119 & -1.14260 & -5.34042\\
 
 2.31868 & -13.46194 & -3.62687 & 0.17463 & 46.93416 & 0.64996 & -1.95563 & -1.61683 & -10.70098\\
 
 -0.04470 & 5.85733 & -4.62324 & -4.64551 & 0.64996 & 23.28330 & -4.23686 & 2.75137 & 0.82266\\
 
 0.15975 & -10.37949 & -2.76185 & -7.42119 & -1.95563 & -4.23686 & 51.33638 & -4.97213 & 4.34791\\
 
 1.41538 & -0.89281 & -5.08380 & -1.14260 & -1.61683 & 2.75137 & -4.97213 & 22.10573 & -4.13995\\
 
 -5.34248 & -1.39378 & -0.64637 & -5.34042 & -10.70098 & 0.82266 & 4.34791 & -4.13995 & 42.70168\\
 \end{bmatrix}
 \]
 
 \[
 \widehat{\bs{\Omega}}_{2}^{Wang} = 
 
  \begin{bmatrix}
 
 
 
 0.1764669 & -0.0139438 & -0.0163937 & 0.0253896 & 0.0100555 & -0.0001963 & 0.0006919 & 0.0061393 & -0.0231721\\
 
 -0.0139438 & 0.3107141 & -0.1768481 & -0.0269252 & -0.0583905 & 0.0254130 & -0.0450279 & -0.0038679 & -0.0060435\\
 
 -0.0163937 & -0.1768481 & 0.3089032 & -0.0021415 & -0.0157284 & -0.0200578 & -0.0119671 & -0.0220525 & -0.0028058\\
 
 0.0253896 & -0.0269252 & -0.0021415 & 0.1308303 & 0.0007601 & -0.0201474 & -0.0321865 & -0.0049569 & -0.0231631\\
 
 0.0100555 & -0.0583905 & -0.0157284 & 0.0007601 & 0.2201272 & 0.0028158 & -0.0084843 & -0.0070124 & -0.0464110\\
 
 -0.0001963 & 0.0254130 & -0.0200578 & -0.0201474 & 0.0028158 & 0.1175484 & -0.0183773 & 0.0119321 & 0.0035668\\
 
 0.0006919 & -0.0450279 & -0.0119671 & -0.0321865 & -0.0084843 & -0.0183773 & 0.2392212 & -0.0215647 & 0.0188591\\
 
 0.0061393 & -0.0038679 & -0.0220525 & -0.0049569 & -0.0070124 & 0.0119321 & -0.0215647 & 0.1124437 & -0.0179579\\
 
 -0.0231721 & -0.0060435 & -0.0028058 & -0.0231631 & -0.0464110 & 0.0035668 & 0.0188591 & -0.0179579 & 0.2017695\\
 \end{bmatrix}
 \]
 
 \[
 \widehat{\bs{\Omega}}_{2}^{Bodnar} = 
 
  \begin{bmatrix}
 
 
 
 0.0829893 & -0.0039597 & -0.0046032 & 0.0074110 & 0.0009272 & 0.0005793 & 0.0005731 & 0.0014678 & -0.0053494\\
 
 -0.0039597 & 0.0938107 & -0.0312015 & -0.0088676 & -0.0145471 & 0.0041143 & -0.0110332 & -0.0057717 & -0.0041752\\
 
 -0.0046032 & -0.0312015 & 0.0962528 & -0.0046604 & -0.0087875 & -0.0030598 & -0.0070443 & -0.0077991 & -0.0029550\\
 
 0.0074110 & -0.0088676 & -0.0046604 & 0.0659640 & -0.0027314 & -0.0080436 & -0.0103769 & -0.0037959 & -0.0066575\\
 
 0.0009272 & -0.0145471 & -0.0087875 & -0.0027314 & 0.0904277 & 0.0015136 & -0.0036216 & -0.0044477 & -0.0113199\\
 
 0.0005793 & 0.0041143 & -0.0030598 & -0.0080436 & 0.0015136 & 0.0629902 & -0.0052712 & 0.0043618 & 0.0013897\\
 
 0.0005731 & -0.0110332 & -0.0070443 & -0.0103769 & -0.0036216 & -0.0052712 & 0.0953644 & -0.0070525 & 0.0024125\\
 
 0.0014678 & -0.0057717 & -0.0077991 & -0.0037959 & -0.0044477 & 0.0043618 & -0.0070525 & 0.0604948 & -0.0063309\\
 
 -0.0053494 & -0.0041752 & -0.0029550 & -0.0066575 & -0.0113199 & 0.0013897 & 0.0024125 & -0.0063309 & 0.0878430\\
 \end{bmatrix}
  \]
 
 \[
 \widehat{\bs{\Omega}}_{2}^{MRY} = 
 
  \begin{bmatrix}
 

 
 0.1062287 & -0.0000052 & -0.0000042 & 0.0000132 & -0.0000010 & 0.0000071 & 0.0000001 & -0.0000027 & -0.0000014\\
 
 -0.0000052 & 0.0938609 & -0.0141615 & -0.0001987 & -0.0000530 & -0.0000110 & -0.0000331 & -0.0002543 & -0.0000347\\
 
 -0.0000042 & -0.0141615 & 0.1014800 & -0.0001594 & -0.0000419 & -0.0000142 & -0.0000262 & -0.0002073 & -0.0000274\\
 
 0.0000132 & -0.0001987 & -0.0001594 & 0.0731613 & -0.0000701 & -0.0001188 & -0.0000571 & -0.0002916 & -0.0000518\\
 
 -0.0000010 & -0.0000530 & -0.0000419 & -0.0000701 & 0.1059472 & -0.0000012 & -0.0000089 & -0.0000986 & -0.0000112\\
 
 0.0000071 & -0.0000110 & -0.0000142 & -0.0001188 & -0.0000012 & 0.0759634 & -0.0000131 & 0.0000371 & 0.0000001\\
 
 0.0000001 & -0.0000331 & -0.0000262 & -0.0000571 & -0.0000089 & -0.0000131 & 0.1151574 & -0.0000668 & -0.0000057\\
 
 -0.0000027 & -0.0002543 & -0.0002073 & -0.0002916 & -0.0000986 & 0.0000371 & -0.0000668 & 0.0682139 & -0.0000735\\
 
 -0.0000014 & -0.0000347 & -0.0000274 & -0.0000518 & -0.0000112 & 0.0000001 & -0.0000057 & -0.0000735 & 0.1083507\\
 \end{bmatrix}
 \]
 
\end{document}
